[tensor([[[[ 0.1520,  0.0159,  0.0477,  ...,  0.1189,  0.0640,  0.0965],
          [ 0.1065,  0.0856,  0.0244,  ...,  0.1580,  0.1376,  0.0748],
          [ 0.0651,  0.0006,  0.0361,  ...,  0.0361,  0.0739,  0.0923],
          ...,
          [ 0.0328,  0.0457,  0.0043,  ..., -0.0031,  0.0770,  0.1077],
          [ 0.0657, -0.0460,  0.0041,  ..., -0.0136,  0.1179,  0.0693],
          [ 0.2133,  0.0677,  0.0638,  ...,  0.1021,  0.1559,  0.1469]],

         [[-0.2394, -0.0323, -0.0677,  ...,  0.0199, -0.0861, -0.0691],
          [-0.0660,  0.0226, -0.0048,  ..., -0.0579, -0.0571,  0.0593],
          [-0.1218,  0.0139, -0.0231,  ...,  0.0338,  0.0076, -0.0199],
          ...,
          [-0.0914,  0.0282, -0.0578,  ...,  0.0299, -0.0754, -0.0519],
          [-0.0701,  0.0839,  0.0830,  ...,  0.1015,  0.0393,  0.0798],
          [-0.1909, -0.0829, -0.1240,  ..., -0.0807, -0.0413, -0.0474]],

         [[-0.0956, -0.0043, -0.0127,  ...,  0.0012, -0.0324, -0.0425],
          [-0.0356, -0.1033, -0.0865,  ..., -0.1270, -0.1489, -0.0858],
          [-0.0191, -0.0360, -0.0740,  ...,  0.0475, -0.1006, -0.0982],
          ...,
          [-0.0426, -0.0166, -0.0509,  ..., -0.0598, -0.0689, -0.0554],
          [ 0.0097,  0.0033, -0.0423,  ..., -0.0407, -0.0688, -0.0969],
          [ 0.0380, -0.0508, -0.0493,  ..., -0.0534, -0.0603, -0.0617]],

         ...,

         [[ 0.3508,  0.2117,  0.0925,  ...,  0.1008,  0.1076,  0.1276],
          [ 0.2134,  0.3455,  0.1874,  ...,  0.3442,  0.2727,  0.1741],
          [ 0.1611,  0.2142,  0.1345,  ...,  0.0821,  0.1171,  0.1686],
          ...,
          [ 0.1692,  0.1400,  0.1154,  ...,  0.1826,  0.1285,  0.1660],
          [ 0.1744,  0.1537,  0.1154,  ...,  0.1808,  0.1133,  0.1742],
          [ 0.1777,  0.2090,  0.1970,  ...,  0.2140,  0.1221,  0.1808]],

         [[-0.0011, -0.0123, -0.0141,  ..., -0.0481,  0.0026,  0.0156],
          [-0.0426, -0.0187, -0.0203,  ...,  0.0228, -0.0261, -0.0068],
          [-0.0038, -0.0114, -0.0407,  ..., -0.0374, -0.0673, -0.0028],
          ...,
          [ 0.0226, -0.0399, -0.0468,  ..., -0.0419, -0.0656,  0.0057],
          [-0.0059, -0.0717, -0.0862,  ..., -0.0652, -0.0927,  0.0057],
          [-0.0290, -0.0529, -0.0189,  ..., -0.0375, -0.0545, -0.0612]],

         [[ 0.4260,  0.1205,  0.1091,  ...,  0.0150,  0.0978,  0.2089],
          [ 0.1637,  0.0359,  0.0887,  ...,  0.2917,  0.1232,  0.1155],
          [ 0.1274,  0.0316,  0.1163,  ...,  0.0662,  0.0814,  0.1396],
          ...,
          [ 0.1450,  0.0272,  0.1121,  ...,  0.0679,  0.1637,  0.1680],
          [ 0.2356, -0.0079,  0.0897,  ...,  0.0475,  0.1708,  0.1243],
          [ 0.2201,  0.0343,  0.1113,  ...,  0.0656,  0.1129,  0.0851]]],


        [[[ 0.1520,  0.0159,  0.0477,  ...,  0.1189,  0.0640,  0.0965],
          [ 0.1065,  0.0856,  0.0244,  ...,  0.1580,  0.1376,  0.0748],
          [ 0.0651,  0.0006,  0.0361,  ...,  0.0361,  0.0739,  0.0923],
          ...,
          [ 0.0328,  0.0457,  0.0043,  ..., -0.0031,  0.0770,  0.1077],
          [ 0.0657, -0.0460,  0.0041,  ..., -0.0136,  0.1179,  0.0693],
          [ 0.2133,  0.0677,  0.0638,  ...,  0.1021,  0.1559,  0.1469]],

         [[-0.2394, -0.0323, -0.0677,  ...,  0.0199, -0.0861, -0.0691],
          [-0.0660,  0.0226, -0.0048,  ..., -0.0579, -0.0571,  0.0593],
          [-0.1218,  0.0139, -0.0231,  ...,  0.0338,  0.0076, -0.0199],
          ...,
          [-0.0914,  0.0282, -0.0578,  ...,  0.0299, -0.0754, -0.0519],
          [-0.0701,  0.0839,  0.0830,  ...,  0.1015,  0.0393,  0.0798],
          [-0.1909, -0.0829, -0.1240,  ..., -0.0807, -0.0413, -0.0474]],

         [[-0.0956, -0.0043, -0.0127,  ...,  0.0012, -0.0324, -0.0425],
          [-0.0356, -0.1033, -0.0865,  ..., -0.1270, -0.1489, -0.0858],
          [-0.0191, -0.0360, -0.0740,  ...,  0.0475, -0.1006, -0.0982],
          ...,
          [-0.0426, -0.0166, -0.0509,  ..., -0.0598, -0.0689, -0.0554],
          [ 0.0097,  0.0033, -0.0423,  ..., -0.0407, -0.0688, -0.0969],
          [ 0.0380, -0.0508, -0.0493,  ..., -0.0534, -0.0603, -0.0617]],

         ...,

         [[ 0.3508,  0.2117,  0.0925,  ...,  0.1008,  0.1076,  0.1276],
          [ 0.2134,  0.3455,  0.1874,  ...,  0.3442,  0.2727,  0.1741],
          [ 0.1611,  0.2142,  0.1345,  ...,  0.0821,  0.1171,  0.1686],
          ...,
          [ 0.1692,  0.1400,  0.1154,  ...,  0.1826,  0.1285,  0.1660],
          [ 0.1744,  0.1537,  0.1154,  ...,  0.1808,  0.1133,  0.1742],
          [ 0.1777,  0.2090,  0.1970,  ...,  0.2140,  0.1221,  0.1808]],

         [[-0.0011, -0.0123, -0.0141,  ..., -0.0481,  0.0026,  0.0156],
          [-0.0426, -0.0187, -0.0203,  ...,  0.0228, -0.0261, -0.0068],
          [-0.0038, -0.0114, -0.0407,  ..., -0.0374, -0.0673, -0.0028],
          ...,
          [ 0.0226, -0.0399, -0.0468,  ..., -0.0419, -0.0656,  0.0057],
          [-0.0059, -0.0717, -0.0862,  ..., -0.0652, -0.0927,  0.0057],
          [-0.0290, -0.0529, -0.0189,  ..., -0.0375, -0.0545, -0.0612]],

         [[ 0.4260,  0.1205,  0.1091,  ...,  0.0150,  0.0978,  0.2089],
          [ 0.1637,  0.0359,  0.0887,  ...,  0.2917,  0.1232,  0.1155],
          [ 0.1274,  0.0316,  0.1163,  ...,  0.0662,  0.0814,  0.1396],
          ...,
          [ 0.1450,  0.0272,  0.1121,  ...,  0.0679,  0.1637,  0.1680],
          [ 0.2356, -0.0079,  0.0897,  ...,  0.0475,  0.1708,  0.1243],
          [ 0.2201,  0.0343,  0.1113,  ...,  0.0656,  0.1129,  0.0851]]]],
       device='cuda:0', dtype=torch.float16), tensor([[[[ 0.3074,  0.2249,  0.1127,  ...,  0.1881,  0.1725,  0.1229],
          [ 0.2832,  0.2068,  0.0546,  ...,  0.1055,  0.1490,  0.1703],
          [ 0.2085,  0.1799,  0.1138,  ...,  0.2559,  0.1688,  0.1837],
          ...,
          [ 0.2634,  0.1213,  0.0659,  ...,  0.1494,  0.1326,  0.1686],
          [ 0.3076,  0.2522,  0.1373,  ...,  0.1896,  0.2327,  0.2751],
          [ 0.3303,  0.2908,  0.1915,  ...,  0.2563,  0.2422,  0.2179]],

         [[-0.4136, -0.4714, -0.2886,  ..., -0.2971, -0.3621, -0.3650],
          [-0.5405, -0.7134, -0.5239,  ..., -0.3838, -0.6909, -0.5039],
          [-0.4285, -0.6196, -0.4224,  ..., -0.6235, -0.5796, -0.4617],
          ...,
          [-0.4924, -0.5879, -0.4316,  ..., -0.5156, -0.5229, -0.4336],
          [-0.5396, -0.7783, -0.5352,  ..., -0.6221, -0.6411, -0.5571],
          [-0.3318, -0.4873, -0.3638,  ..., -0.4001, -0.4731, -0.4094]],

         [[-0.1388, -0.0228, -0.0688,  ..., -0.1844, -0.0942, -0.1591],
          [ 0.0897,  0.3186,  0.3726,  ...,  0.3115,  0.3857,  0.1277],
          [-0.0284,  0.2445,  0.2656,  ...,  0.1173,  0.2954,  0.1138],
          ...,
          [ 0.0325,  0.2295,  0.2529,  ...,  0.2123,  0.3171,  0.0661],
          [-0.0606,  0.2413,  0.1368,  ...,  0.2029,  0.2426,  0.0554],
          [-0.1366,  0.0820,  0.0788,  ...,  0.0914,  0.1087, -0.0953]],

         ...,

         [[-0.0314,  0.1615,  0.1163,  ...,  0.2078,  0.1448,  0.2256],
          [ 0.1418,  0.1929,  0.1584,  ...,  0.1299,  0.2386,  0.2510],
          [ 0.1611,  0.2036,  0.1892,  ...,  0.2556,  0.2908,  0.2515],
          ...,
          [ 0.1564,  0.1713,  0.1610,  ...,  0.2739,  0.2061,  0.2585],
          [ 0.1598,  0.2798,  0.2671,  ...,  0.3420,  0.2810,  0.3521],
          [-0.0010,  0.1936,  0.1412,  ...,  0.1974,  0.1830,  0.2015]],

         [[-0.4412, -0.3521, -0.3574,  ..., -0.3245, -0.2072, -0.3645],
          [-0.2100, -0.3660, -0.4111,  ..., -0.2527, -0.3411, -0.2722],
          [-0.3062, -0.5396, -0.5737,  ..., -0.4800, -0.6016, -0.2979],
          ...,
          [-0.3921, -0.5024, -0.5449,  ..., -0.5015, -0.4875, -0.2612],
          [-0.3701, -0.5859, -0.5889,  ..., -0.5483, -0.5425, -0.3220],
          [-0.1621, -0.3811, -0.3708,  ..., -0.3494, -0.3740, -0.2559]],

         [[-0.0484, -0.0704, -0.1072,  ..., -0.0919, -0.0391, -0.0441],
          [-0.1268, -0.1487, -0.1608,  ..., -0.1705, -0.0243, -0.0719],
          [-0.0553, -0.1329, -0.1432,  ..., -0.0332, -0.0879, -0.0353],
          ...,
          [-0.0949, -0.0965, -0.1608,  ..., -0.1146, -0.0452, -0.0319],
          [-0.0099, -0.0311, -0.0750,  ..., -0.0999,  0.0055, -0.0544],
          [-0.1153, -0.0953, -0.1382,  ..., -0.1615, -0.1144, -0.0966]]],


        [[[ 0.3074,  0.2256,  0.1137,  ...,  0.1887,  0.1730,  0.1218],
          [ 0.2820,  0.2076,  0.0561,  ...,  0.1065,  0.1499,  0.1702],
          [ 0.2070,  0.1812,  0.1156,  ...,  0.2576,  0.1708,  0.1835],
          ...,
          [ 0.2629,  0.1226,  0.0672,  ...,  0.1510,  0.1333,  0.1680],
          [ 0.3071,  0.2534,  0.1392,  ...,  0.1917,  0.2343,  0.2751],
          [ 0.3298,  0.2922,  0.1930,  ...,  0.2578,  0.2437,  0.2183]],

         [[-0.4109, -0.4690, -0.2864,  ..., -0.2964, -0.3613, -0.3635],
          [-0.5396, -0.7144, -0.5249,  ..., -0.3853, -0.6929, -0.5044],
          [-0.4270, -0.6201, -0.4231,  ..., -0.6260, -0.5811, -0.4622],
          ...,
          [-0.4915, -0.5884, -0.4333,  ..., -0.5171, -0.5244, -0.4346],
          [-0.5376, -0.7788, -0.5356,  ..., -0.6235, -0.6421, -0.5586],
          [-0.3308, -0.4873, -0.3635,  ..., -0.4006, -0.4736, -0.4099]],

         [[-0.1383, -0.0217, -0.0676,  ..., -0.1829, -0.0932, -0.1580],
          [ 0.0897,  0.3203,  0.3738,  ...,  0.3123,  0.3877,  0.1285],
          [-0.0282,  0.2460,  0.2656,  ...,  0.1192,  0.2966,  0.1142],
          ...,
          [ 0.0333,  0.2311,  0.2546,  ...,  0.2140,  0.3184,  0.0664],
          [-0.0608,  0.2430,  0.1377,  ...,  0.2041,  0.2438,  0.0562],
          [-0.1367,  0.0823,  0.0789,  ...,  0.0917,  0.1093, -0.0951]],

         ...,

         [[-0.0359,  0.1567,  0.1110,  ...,  0.2032,  0.1398,  0.2223],
          [ 0.1359,  0.1869,  0.1520,  ...,  0.1244,  0.2325,  0.2477],
          [ 0.1552,  0.1973,  0.1831,  ...,  0.2496,  0.2847,  0.2480],
          ...,
          [ 0.1504,  0.1652,  0.1547,  ...,  0.2676,  0.1996,  0.2551],
          [ 0.1539,  0.2737,  0.2607,  ...,  0.3357,  0.2747,  0.3484],
          [-0.0042,  0.1904,  0.1377,  ...,  0.1938,  0.1793,  0.2000]],

         [[-0.4363, -0.3464, -0.3516,  ..., -0.3210, -0.2026, -0.3604],
          [-0.2064, -0.3638, -0.4087,  ..., -0.2532, -0.3406, -0.2710],
          [-0.3025, -0.5371, -0.5713,  ..., -0.4795, -0.6006, -0.2961],
          ...,
          [-0.3884, -0.5005, -0.5430,  ..., -0.5000, -0.4858, -0.2603],
          [-0.3660, -0.5835, -0.5864,  ..., -0.5464, -0.5405, -0.3208],
          [-0.1588, -0.3796, -0.3687,  ..., -0.3479, -0.3726, -0.2546]],

         [[-0.0461, -0.0680, -0.1046,  ..., -0.0896, -0.0365, -0.0418],
          [-0.1235, -0.1451, -0.1567,  ..., -0.1665, -0.0205, -0.0688],
          [-0.0518, -0.1292, -0.1389,  ..., -0.0293, -0.0843, -0.0326],
          ...,
          [-0.0919, -0.0930, -0.1572,  ..., -0.1111, -0.0420, -0.0293],
          [-0.0062, -0.0273, -0.0710,  ..., -0.0963,  0.0090, -0.0517],
          [-0.1129, -0.0932, -0.1362,  ..., -0.1597, -0.1126, -0.0953]]]],
       device='cuda:0', dtype=torch.float16), tensor([[[[-1.3069e-02,  2.6962e-02, -6.2622e-02,  ...,  7.8003e-02,
           -3.4943e-02, -2.9564e-03],
          [ 8.2520e-02, -1.9019e-01, -3.1348e-01,  ..., -3.0273e-01,
           -2.2913e-01, -5.4230e-02],
          [-1.9791e-02, -3.1445e-01, -3.1958e-01,  ..., -7.6477e-02,
           -3.7231e-01, -9.0088e-02],
          ...,
          [ 7.3853e-02, -2.6733e-01, -3.0298e-01,  ..., -3.8892e-01,
           -3.9795e-01, -9.2468e-02],
          [ 1.4624e-01, -3.0182e-02, -1.8762e-01,  ..., -1.7944e-01,
           -2.7759e-01,  4.1901e-02],
          [ 5.7953e-02, -1.7262e-04, -1.0394e-01,  ..., -1.3354e-01,
           -2.8760e-01, -4.9347e-02]],

         [[-2.1729e-01, -1.4783e-01,  1.3171e-01,  ..., -4.0771e-02,
           -3.5767e-02,  1.9324e-01],
          [ 5.4016e-02,  1.0719e-02,  1.8140e-01,  ..., -1.1481e-01,
           -6.1768e-02,  7.2449e-02],
          [-3.1891e-02,  2.2171e-02,  3.1738e-02,  ..., -5.2686e-01,
           -9.8877e-02,  1.0803e-01],
          ...,
          [-9.3323e-02,  2.0462e-02,  8.6823e-03,  ...,  9.0866e-03,
           -8.7097e-02,  1.3403e-01],
          [ 4.1748e-02,  6.0333e-02,  1.1670e-01,  ..., -9.9426e-02,
           -3.0472e-02,  1.3928e-01],
          [ 8.9478e-02,  2.0886e-01,  1.0529e-01,  ...,  8.5022e-02,
            1.0309e-01,  2.0825e-01]],

         [[-2.4487e-01, -1.3721e-01, -1.9507e-01,  ..., -3.3350e-01,
           -1.0992e-01, -1.5796e-01],
          [-2.4280e-01, -1.9482e-01, -2.2656e-01,  ..., -2.2446e-02,
           -2.9810e-01, -1.7151e-01],
          [-3.1274e-01, -2.1313e-01, -2.9419e-01,  ..., -3.1177e-01,
           -3.0615e-01, -2.6099e-01],
          ...,
          [-3.4521e-01, -2.4353e-01, -3.2031e-01,  ..., -2.0984e-01,
           -4.5166e-01, -2.9102e-01],
          [-3.2446e-01, -2.5073e-01, -3.1714e-01,  ..., -2.9199e-01,
           -4.5703e-01, -3.2935e-01],
          [-1.7432e-01, -1.6455e-01, -1.9568e-01,  ..., -2.2070e-01,
           -2.3767e-01, -2.3547e-01]],

         ...,

         [[ 2.7588e-01,  1.4832e-01,  2.4292e-01,  ...,  6.5283e-01,
            2.2424e-01,  3.2080e-01],
          [-5.2185e-02,  2.4200e-02,  3.6896e-02,  ..., -5.0751e-02,
           -8.8074e-02,  2.4646e-01],
          [ 7.9529e-02,  2.1509e-01,  1.1444e-01,  ...,  8.9844e-02,
           -2.6077e-02,  2.6172e-01],
          ...,
          [ 2.6413e-02,  1.6943e-01,  1.5430e-01,  ...,  7.9529e-02,
            2.8778e-02,  1.9727e-01],
          [ 1.2744e-01,  1.8860e-01,  1.3538e-01,  ...,  5.2216e-02,
            5.4352e-02,  1.8750e-01],
          [ 4.7913e-02,  2.0618e-01,  2.6025e-01,  ...,  1.6541e-01,
            2.0752e-01,  3.0884e-01]],

         [[ 9.3002e-03, -2.7441e-01, -2.1130e-01,  ..., -1.1475e-01,
           -1.0803e-01,  1.7288e-02],
          [ 1.3580e-02, -1.1169e-02, -1.5649e-01,  ...,  3.4523e-04,
           -1.4450e-02,  1.7041e-01],
          [ 9.5703e-02, -1.7236e-01, -6.7078e-02,  ...,  2.6880e-01,
           -1.9739e-01,  8.9188e-03],
          ...,
          [ 1.2413e-02, -1.9226e-01, -3.0884e-01,  ..., -1.7444e-01,
           -1.8420e-01,  1.0345e-01],
          [ 3.2562e-02, -2.1225e-02, -1.9177e-01,  ...,  2.9617e-02,
           -4.1779e-02,  1.9690e-01],
          [-2.2736e-02,  2.5406e-02, -8.5327e-02,  ...,  5.1300e-02,
            2.2888e-02,  2.1936e-01]],

         [[-1.7871e-01, -3.1299e-01, -3.1519e-01,  ..., -3.3813e-01,
           -2.6660e-01, -1.9275e-01],
          [ 1.2207e-02, -5.2686e-01, -5.4443e-01,  ..., -4.5654e-01,
           -4.5874e-01, -1.3416e-01],
          [-2.2087e-03, -4.3384e-01, -4.2480e-01,  ...,  1.1551e-02,
           -4.7754e-01, -2.0898e-01],
          ...,
          [-3.8696e-02, -4.3701e-01, -3.5107e-01,  ..., -2.7148e-01,
           -4.1602e-01, -1.5833e-01],
          [-3.1647e-02, -3.9062e-01, -3.4717e-01,  ..., -3.4399e-01,
           -3.6548e-01, -1.3342e-01],
          [ 4.8706e-02, -2.1997e-01, -1.6675e-01,  ..., -1.9739e-01,
           -2.3730e-01, -3.1403e-02]]],


        [[[-1.8036e-02,  2.5391e-02, -6.6589e-02,  ...,  7.6111e-02,
           -3.5309e-02, -8.4305e-03],
          [ 7.7515e-02, -1.8750e-01, -3.1372e-01,  ..., -2.9980e-01,
           -2.2729e-01, -5.5756e-02],
          [-2.4078e-02, -3.0981e-01, -3.1738e-01,  ..., -7.4829e-02,
           -3.6694e-01, -9.0637e-02],
          ...,
          [ 6.9458e-02, -2.6294e-01, -3.0176e-01,  ..., -3.8354e-01,
           -3.9185e-01, -9.2102e-02],
          [ 1.4233e-01, -2.6215e-02, -1.8567e-01,  ..., -1.7480e-01,
           -2.7124e-01,  4.2847e-02],
          [ 5.3711e-02,  1.9369e-03, -1.0236e-01,  ..., -1.3013e-01,
           -2.8418e-01, -4.8065e-02]],

         [[-2.2168e-01, -1.5454e-01,  1.2439e-01,  ..., -4.5624e-02,
           -4.0771e-02,  1.8408e-01],
          [ 4.8248e-02,  4.4937e-03,  1.7664e-01,  ..., -1.1542e-01,
           -6.6345e-02,  6.4941e-02],
          [-3.8116e-02,  1.6479e-02,  2.6489e-02,  ..., -5.2979e-01,
           -1.0248e-01,  9.8816e-02],
          ...,
          [-9.9182e-02,  1.4938e-02,  3.5095e-03,  ...,  4.8294e-03,
           -9.1370e-02,  1.2744e-01],
          [ 3.6621e-02,  5.6519e-02,  1.1438e-01,  ..., -1.0474e-01,
           -3.3661e-02,  1.3257e-01],
          [ 8.3008e-02,  2.0374e-01,  1.0010e-01,  ...,  7.8613e-02,
            9.8328e-02,  2.0105e-01]],

         [[-2.4377e-01, -1.3684e-01, -1.9507e-01,  ..., -3.3301e-01,
           -1.1066e-01, -1.5442e-01],
          [-2.4402e-01, -1.9702e-01, -2.2815e-01,  ..., -2.3575e-02,
           -3.0103e-01, -1.7078e-01],
          [-3.1445e-01, -2.1521e-01, -2.9565e-01,  ..., -3.1323e-01,
           -3.0811e-01, -2.6074e-01],
          ...,
          [-3.4717e-01, -2.4524e-01, -3.2227e-01,  ..., -2.1204e-01,
           -4.5386e-01, -2.9028e-01],
          [-3.2593e-01, -2.5171e-01, -3.1836e-01,  ..., -2.9395e-01,
           -4.5850e-01, -3.2812e-01],
          [-1.7383e-01, -1.6333e-01, -1.9482e-01,  ..., -2.2021e-01,
           -2.3669e-01, -2.3352e-01]],

         ...,

         [[ 2.7271e-01,  1.4404e-01,  2.3840e-01,  ...,  6.4990e-01,
            2.2192e-01,  3.1543e-01],
          [-5.5328e-02,  2.1271e-02,  3.0441e-02,  ..., -5.6427e-02,
           -9.3506e-02,  2.3779e-01],
          [ 7.5806e-02,  2.1094e-01,  1.0669e-01,  ...,  8.5510e-02,
           -3.1113e-02,  2.5317e-01],
          ...,
          [ 2.3376e-02,  1.6589e-01,  1.4758e-01,  ...,  7.2510e-02,
            2.3209e-02,  1.8933e-01],
          [ 1.2463e-01,  1.8494e-01,  1.2915e-01,  ...,  4.7852e-02,
            5.0110e-02,  1.8115e-01],
          [ 4.5776e-02,  2.0508e-01,  2.5732e-01,  ...,  1.6321e-01,
            2.0544e-01,  3.0591e-01]],

         [[ 8.4534e-03, -2.7661e-01, -2.1387e-01,  ..., -1.1743e-01,
           -1.1499e-01,  1.2894e-02],
          [ 8.9417e-03, -1.4717e-02, -1.6174e-01,  ..., -4.8866e-03,
           -2.1362e-02,  1.6431e-01],
          [ 9.1003e-02, -1.7432e-01, -7.1960e-02,  ...,  2.6099e-01,
           -2.0105e-01,  1.6460e-03],
          ...,
          [ 7.4043e-03, -1.9604e-01, -3.1543e-01,  ..., -1.7993e-01,
           -1.9031e-01,  9.7107e-02],
          [ 2.9053e-02, -2.8046e-02, -1.9775e-01,  ...,  2.3788e-02,
           -4.8370e-02,  1.8921e-01],
          [-2.5406e-02,  2.2324e-02, -9.0393e-02,  ...,  4.8187e-02,
            1.8372e-02,  2.1472e-01]],

         [[-1.7371e-01, -3.0249e-01, -3.0444e-01,  ..., -3.3008e-01,
           -2.5610e-01, -1.8591e-01],
          [ 2.0569e-02, -5.1416e-01, -5.3369e-01,  ..., -4.4727e-01,
           -4.4727e-01, -1.2830e-01],
          [ 6.6185e-03, -4.2065e-01, -4.1406e-01,  ...,  2.2781e-02,
           -4.6558e-01, -2.0044e-01],
          ...,
          [-3.0640e-02, -4.2310e-01, -3.3960e-01,  ..., -2.6050e-01,
           -4.0503e-01, -1.4941e-01],
          [-2.2522e-02, -3.7793e-01, -3.3643e-01,  ..., -3.3252e-01,
           -3.5498e-01, -1.2439e-01],
          [ 5.5359e-02, -2.1057e-01, -1.5796e-01,  ..., -1.8848e-01,
           -2.2876e-01, -2.4139e-02]]]], device='cuda:0', dtype=torch.float16), tensor([[[[-7.0435e-02,  3.1836e-01,  9.2383e-01,  ...,  3.6182e-01,
            6.6650e-02, -1.1279e-01],
          [-1.4636e-01, -4.2505e-01, -9.1113e-01,  ...,  5.2100e-01,
           -1.1465e+00,  3.6938e-01],
          [-2.4207e-01,  9.0479e-01, -9.2676e-01,  ..., -6.4990e-01,
           -1.9104e-01,  3.2031e-01],
          ...,
          [-7.1167e-02,  2.8613e-01,  1.6443e-01,  ..., -8.8232e-01,
            3.6768e-01, -1.6736e-01],
          [-2.0923e-01,  2.6416e-01,  7.9163e-02,  ..., -2.9688e-01,
            4.1809e-03, -1.6370e-01],
          [-1.4331e-01,  4.7876e-01,  3.3228e-01,  ..., -2.7002e-01,
           -5.7861e-02, -2.5070e-02]],

         [[ 1.1029e-01,  4.5825e-01, -8.0859e-01,  ...,  4.5197e-02,
            1.1188e-01,  9.2545e-03],
          [ 3.3522e-04,  1.9092e-01,  1.3440e-01,  ..., -6.0400e-01,
           -2.8369e-01,  4.9780e-01],
          [ 9.8267e-03, -5.1318e-01, -7.8955e-01,  ..., -8.4570e-01,
            1.5027e-01,  1.8982e-01],
          ...,
          [-3.5675e-02,  3.4155e-01, -5.4248e-01,  ...,  2.0126e-02,
            3.4058e-01, -3.7231e-02],
          [ 2.4426e-01,  3.0615e-01, -1.2488e-01,  ..., -3.4497e-01,
            1.9849e-01,  2.3511e-01],
          [-7.2852e-01, -1.5857e-01, -3.8745e-01,  ..., -4.8511e-01,
           -1.2219e-01, -3.4717e-01]],

         [[ 5.1562e-01,  8.0469e-01, -2.6398e-02,  ...,  9.9304e-02,
            6.3281e-01,  3.8184e-01],
          [ 2.5635e-01,  3.8055e-02, -1.5342e+00,  ..., -9.5459e-01,
           -3.1396e-01, -2.3389e-01],
          [ 2.1765e-01, -4.8950e-01, -3.7476e-01,  ..., -1.8494e-01,
            5.5237e-03, -1.4001e-01],
          ...,
          [ 8.2397e-02,  4.7534e-01,  6.5088e-01,  ..., -1.3330e+00,
            1.7822e-01, -3.3691e-02],
          [ 3.8281e-01,  2.4646e-01, -2.7924e-02,  ..., -6.2402e-01,
            4.8340e-01,  2.4384e-02],
          [ 3.3765e-01,  3.0396e-01,  9.2773e-02,  ...,  2.0068e-01,
            5.1465e-01,  3.2422e-01]],

         ...,

         [[ 1.9592e-01,  7.9102e-01,  1.8838e+00,  ...,  1.3281e+00,
            1.1113e+00,  9.8730e-01],
          [ 4.3140e-01,  7.0020e-01, -5.8301e-01,  ...,  2.9861e-02,
            1.4832e-01,  6.8408e-01],
          [ 6.0840e-01,  2.4668e+00,  5.1514e-01,  ..., -2.8223e-01,
           -4.8637e-03,  7.6416e-01],
          ...,
          [ 4.9658e-01,  8.7891e-01,  2.3164e+00,  ...,  3.9253e-03,
            3.9648e-01,  1.0645e+00],
          [ 3.3936e-01,  8.8916e-01,  5.4785e-01,  ...,  2.2815e-01,
            7.8027e-01,  9.6826e-01],
          [ 8.1934e-01,  1.0068e+00,  1.0840e+00,  ..., -3.4229e-01,
            1.4053e+00,  1.2764e+00]],

         [[ 4.5166e-01,  7.9248e-01,  1.1401e-01,  ..., -1.5784e-01,
            8.7695e-01,  7.3145e-01],
          [ 6.0840e-01,  6.8311e-01,  1.3789e+00,  ...,  6.1719e-01,
            9.2822e-01,  4.2603e-01],
          [ 4.6973e-01,  3.7769e-01,  1.8555e+00,  ...,  7.3438e-01,
            1.1660e+00,  3.2227e-01],
          ...,
          [ 3.9478e-01,  4.3237e-01,  2.2412e-01,  ...,  4.7192e-01,
            4.1382e-01,  5.5615e-01],
          [ 4.5679e-01,  6.3281e-01,  8.4229e-01,  ..., -1.8811e-01,
            7.8760e-01,  5.6396e-01],
          [ 2.9834e-01,  5.7275e-01,  6.5771e-01,  ...,  9.6143e-01,
            5.5176e-01,  3.7622e-01]],

         [[-6.1646e-02,  3.2568e-01,  1.0364e-01,  ...,  1.0127e+00,
            4.5557e-01,  4.1431e-01],
          [ 3.3350e-01,  8.2324e-01,  4.7632e-01,  ...,  7.6855e-01,
            1.4883e+00,  4.4043e-01],
          [ 2.8247e-01,  3.0176e-01,  7.4023e-01,  ...,  3.8379e-01,
            1.1914e+00,  3.6182e-01],
          ...,
          [ 9.0942e-02,  2.7832e-01,  7.9932e-01,  ...,  7.5000e-01,
            5.5225e-01,  3.8672e-01],
          [ 3.9404e-01,  4.6118e-01,  8.2617e-01,  ...,  8.8501e-02,
            6.7725e-01,  5.1514e-01],
          [ 1.1932e-01,  1.6406e-01,  2.3816e-01,  ..., -2.8906e-01,
            9.6497e-02,  2.7026e-01]]],


        [[[-2.8961e-02,  3.7280e-01,  9.7168e-01,  ...,  4.1821e-01,
            1.2451e-01, -6.3904e-02],
          [-8.4229e-02, -3.3667e-01, -8.4180e-01,  ...,  5.9326e-01,
           -1.0537e+00,  4.5068e-01],
          [-1.7786e-01,  9.8877e-01, -8.3838e-01,  ..., -5.6104e-01,
           -1.0352e-01,  4.0576e-01],
          ...,
          [-1.5068e-03,  3.7793e-01,  2.4927e-01,  ..., -7.9395e-01,
            4.5996e-01, -8.6365e-02],
          [-1.4429e-01,  3.5815e-01,  1.7065e-01,  ..., -2.0789e-01,
            9.8450e-02, -8.0872e-02],
          [-8.1055e-02,  5.6641e-01,  4.1626e-01,  ..., -1.9617e-01,
            2.8275e-02,  4.9896e-02]],

         [[ 1.5369e-01,  5.1416e-01, -7.5098e-01,  ...,  1.0211e-01,
            1.6809e-01,  6.5674e-02],
          [ 5.6213e-02,  2.6050e-01,  1.9727e-01,  ..., -5.3955e-01,
           -2.1423e-01,  5.6543e-01],
          [ 6.7200e-02, -4.4409e-01, -7.2314e-01,  ..., -7.7148e-01,
            2.2253e-01,  2.6147e-01],
          ...,
          [ 2.1606e-02,  4.1650e-01, -4.6460e-01,  ...,  8.7585e-02,
            4.1309e-01,  3.3936e-02],
          [ 3.0444e-01,  3.7817e-01, -5.6427e-02,  ..., -2.7148e-01,
            2.7515e-01,  3.0615e-01],
          [-6.7969e-01, -9.6375e-02, -3.2666e-01,  ..., -4.2554e-01,
           -6.0059e-02, -2.8833e-01]],

         [[ 5.3516e-01,  8.4277e-01,  1.5701e-02,  ...,  1.3611e-01,
            6.7529e-01,  4.1650e-01],
          [ 2.9541e-01,  1.0217e-01, -1.4609e+00,  ..., -8.7988e-01,
           -2.4927e-01, -1.7493e-01],
          [ 2.5586e-01, -4.1919e-01, -3.0957e-01,  ..., -1.2286e-01,
            7.3975e-02, -7.8186e-02],
          ...,
          [ 1.2244e-01,  5.4150e-01,  7.2217e-01,  ..., -1.2617e+00,
            2.4463e-01,  2.4826e-02],
          [ 4.2554e-01,  3.1274e-01,  3.6682e-02,  ..., -5.5273e-01,
            5.5420e-01,  8.5754e-02],
          [ 3.7524e-01,  3.6499e-01,  1.5662e-01,  ...,  2.6001e-01,
            5.7715e-01,  3.7964e-01]],

         ...,

         [[ 1.8030e-01,  7.8467e-01,  1.8818e+00,  ...,  1.3252e+00,
            1.1172e+00,  9.8096e-01],
          [ 4.1968e-01,  7.0020e-01, -5.7275e-01,  ...,  3.2593e-02,
            1.3977e-01,  6.7627e-01],
          [ 5.9619e-01,  2.4551e+00,  5.2002e-01,  ..., -2.8564e-01,
           -7.1182e-03,  7.5928e-01],
          ...,
          [ 4.8291e-01,  8.6865e-01,  2.3066e+00,  ...,  1.4982e-03,
            3.9160e-01,  1.0605e+00],
          [ 3.2349e-01,  8.7891e-01,  5.4297e-01,  ...,  2.3511e-01,
            7.7686e-01,  9.6387e-01],
          [ 8.0811e-01,  9.9854e-01,  1.0771e+00,  ..., -3.5327e-01,
            1.3955e+00,  1.2686e+00]],

         [[ 4.8486e-01,  8.4570e-01,  1.7371e-01,  ..., -1.0522e-01,
            9.2969e-01,  7.7930e-01],
          [ 6.5771e-01,  7.5098e-01,  1.4551e+00,  ...,  6.8701e-01,
            9.9170e-01,  4.7827e-01],
          [ 5.1953e-01,  4.5117e-01,  1.9170e+00,  ...,  7.9883e-01,
            1.2314e+00,  3.8257e-01],
          ...,
          [ 4.4458e-01,  5.0049e-01,  2.8833e-01,  ...,  5.3418e-01,
            4.8291e-01,  6.1279e-01],
          [ 5.0488e-01,  6.9727e-01,  9.0381e-01,  ..., -1.2079e-01,
            8.5693e-01,  6.2012e-01],
          [ 3.3984e-01,  6.2939e-01,  7.1240e-01,  ...,  1.0117e+00,
            6.0498e-01,  4.2041e-01]],

         [[-4.0649e-02,  3.5791e-01,  1.3110e-01,  ...,  1.0303e+00,
            4.8193e-01,  4.4141e-01],
          [ 3.6719e-01,  8.7012e-01,  5.2148e-01,  ...,  8.1641e-01,
            1.5303e+00,  4.7705e-01],
          [ 3.1519e-01,  3.4717e-01,  7.7100e-01,  ...,  4.1626e-01,
            1.2324e+00,  4.0479e-01],
          ...,
          [ 1.2128e-01,  3.2422e-01,  8.3887e-01,  ...,  8.0029e-01,
            6.0059e-01,  4.2310e-01],
          [ 4.2700e-01,  5.1221e-01,  8.7109e-01,  ...,  1.3245e-01,
            7.2363e-01,  5.5469e-01],
          [ 1.4343e-01,  2.0496e-01,  2.7783e-01,  ..., -2.4744e-01,
            1.3672e-01,  3.0273e-01]]]], device='cuda:0', dtype=torch.float16), tensor([[[[ 1.8047e+00,  1.6768e+00,  1.6416e+00,  ...,  1.4150e+00,
            3.2363e+00,  1.2256e+00],
          [ 1.2842e+00,  1.0537e+00,  1.7031e+00,  ...,  2.7871e+00,
            1.2158e+00,  8.5693e-01],
          [ 1.3154e+00,  1.7881e+00,  1.3594e+00,  ...,  1.4248e+00,
            1.9150e+00,  1.4375e+00],
          ...,
          [ 1.2305e+00,  1.3105e+00,  2.4336e+00,  ...,  2.2598e+00,
            1.5508e+00,  1.1260e+00],
          [ 1.3633e+00,  1.2266e+00,  1.1250e+00,  ...,  9.7461e-01,
            1.0654e+00,  1.1211e+00],
          [ 8.7207e-01,  1.0088e+00,  1.2627e+00,  ...,  1.4316e+00,
            1.8008e+00,  1.1523e+00]],

         [[ 1.0864e-01,  4.4946e-01, -2.7905e-01,  ...,  9.3445e-02,
            6.9922e-01,  2.9346e-01],
          [ 8.9722e-02, -2.5928e-01, -8.9697e-01,  ...,  1.8152e-01,
            5.0684e-01,  2.4048e-01],
          [ 1.2878e-01,  1.2568e+00,  1.9551e+00,  ...,  4.9585e-01,
            1.0068e+00, -5.7343e-02],
          ...,
          [-1.3110e-01, -2.5708e-01,  1.4111e-01,  ...,  1.6821e-01,
            5.4297e-01, -2.3669e-01],
          [-6.7566e-02,  8.6914e-02,  6.1768e-01,  ...,  6.8457e-01,
            6.5332e-01,  1.3721e-01],
          [ 5.8044e-02, -1.4453e-01,  3.4741e-01,  ...,  2.3328e-01,
            8.2336e-02,  5.4626e-02]],

         [[ 4.0845e-01, -3.7988e-01,  1.7639e-01,  ...,  1.4551e-01,
            5.9180e-01,  1.3657e-02],
          [-2.0093e-01, -5.8594e-01,  2.3669e-01,  ...,  4.6509e-01,
           -6.6357e-01, -3.0200e-01],
          [-1.3513e-01,  2.5000e-01, -1.2510e+00,  ..., -3.0762e-01,
           -1.6270e+00, -6.2109e-01],
          ...,
          [-1.5283e-01, -4.7510e-01, -3.0493e-01,  ...,  2.6245e-01,
           -8.5498e-01, -5.1953e-01],
          [-7.9468e-02, -7.3779e-01, -9.2773e-01,  ...,  9.3457e-01,
           -8.5889e-01, -7.5635e-01],
          [-1.3906e+00, -1.1504e+00, -1.3564e+00,  ..., -9.8682e-01,
           -7.5439e-01, -1.4160e+00]],

         ...,

         [[-4.6570e-02,  2.2974e-01, -7.2556e-03,  ...,  3.3154e-01,
           -6.4404e-01,  6.3538e-02],
          [-2.4261e-02,  3.7036e-01, -1.1309e+00,  ...,  8.2715e-01,
            8.6426e-01,  5.9631e-02],
          [-4.1473e-02,  9.2871e-01,  1.3945e+00,  ...,  4.1675e-01,
           -3.5571e-01, -1.8140e-01],
          ...,
          [-1.2006e-01,  1.5479e-01,  5.4492e-01,  ..., -5.2881e-01,
            2.9663e-01, -9.3506e-02],
          [-1.8738e-01,  2.3694e-01,  9.1614e-02,  ...,  4.4922e-01,
            5.5420e-01,  1.3086e-01],
          [ 1.9299e-01,  1.0364e-01,  1.1438e-01,  ...,  6.0303e-01,
           -2.7148e-01,  1.2231e-01]],

         [[-4.0601e-01, -3.0151e-01, -1.9446e-01,  ..., -2.5073e-01,
           -4.0088e-01, -2.6147e-01],
          [ 1.8127e-01, -1.1208e-02,  2.3120e-01,  ..., -3.8916e-01,
           -5.4199e-01,  4.5850e-01],
          [ 1.0284e-01,  8.1494e-01,  7.1289e-01,  ...,  1.4043e+00,
           -6.1816e-01,  6.7188e-01],
          ...,
          [ 2.0410e-01,  6.1475e-01,  5.1611e-01,  ...,  1.1133e+00,
            8.3936e-01,  7.2266e-01],
          [ 3.6084e-01,  8.3154e-01,  6.9336e-01,  ...,  1.0010e+00,
            4.2017e-01,  7.5391e-01],
          [-1.9714e-02,  4.7144e-01,  4.6802e-01,  ...,  2.1953e+00,
           -5.0323e-02,  5.2441e-01]],

         [[-5.5811e-01, -6.8909e-02,  8.8428e-01,  ...,  5.2002e-01,
            4.4708e-03,  1.3074e-01],
          [-8.5571e-02,  4.6802e-01,  1.3516e+00,  ..., -2.3340e-01,
            5.9375e-01, -1.0901e-01],
          [-2.2339e-01, -1.4795e-01,  2.0996e+00,  ...,  8.2080e-01,
            2.0813e-01, -3.6743e-01],
          ...,
          [-5.0098e-01, -4.6118e-01, -2.4500e-01,  ...,  6.4844e-01,
           -6.5234e-01, -5.1514e-01],
          [-5.1416e-01, -7.0850e-01, -4.8022e-01,  ...,  1.2686e+00,
           -2.4658e-01, -4.6704e-01],
          [-3.1323e-01, -2.3682e-01, -1.9112e-03,  ...,  3.9404e-01,
           -1.1221e+00,  1.8518e-01]]],


        [[[ 1.8711e+00,  1.5918e+00,  1.5850e+00,  ...,  1.3818e+00,
            3.1699e+00,  1.1396e+00],
          [ 1.2920e+00,  9.8535e-01,  1.6533e+00,  ...,  2.7383e+00,
            1.1738e+00,  8.0713e-01],
          [ 1.3135e+00,  1.7275e+00,  1.3867e+00,  ...,  1.3350e+00,
            1.9688e+00,  1.4023e+00],
          ...,
          [ 1.1807e+00,  1.1631e+00,  2.3477e+00,  ...,  2.1191e+00,
            1.4814e+00,  1.0068e+00],
          [ 1.3164e+00,  9.9268e-01,  1.0195e+00,  ...,  9.4434e-01,
            9.8828e-01,  1.0527e+00],
          [ 7.6367e-01,  9.0527e-01,  1.1182e+00,  ...,  1.4648e+00,
            1.6895e+00,  1.0928e+00]],

         [[ 1.3806e-01,  4.3262e-01, -5.2051e-01,  ...,  1.3794e-01,
            6.3916e-01,  2.7344e-01],
          [ 8.8745e-02, -1.7725e-01, -9.3945e-01,  ...,  8.6304e-02,
            5.5127e-01,  3.2349e-01],
          [ 1.1823e-01,  1.1416e+00,  1.7822e+00,  ...,  4.5190e-01,
            1.0303e+00, -5.9021e-02],
          ...,
          [-1.8457e-01, -2.3914e-01,  1.0870e-01,  ...,  1.7334e-01,
            5.1709e-01, -1.1493e-01],
          [-1.0046e-01,  2.4133e-01,  7.2705e-01,  ...,  6.8018e-01,
            5.3271e-01,  2.6562e-01],
          [ 3.4576e-02, -1.7786e-01,  3.7012e-01,  ...,  1.6235e-01,
            9.1919e-02, -9.0149e-02]],

         [[ 3.3398e-01, -5.3906e-01,  2.3022e-01,  ...,  6.3354e-02,
            4.2871e-01, -6.9580e-02],
          [-3.3911e-01, -7.3779e-01,  1.5210e-01,  ...,  3.2495e-01,
           -8.2275e-01, -4.2480e-01],
          [-2.4146e-01,  8.9600e-02, -1.4580e+00,  ..., -5.0781e-01,
           -1.7695e+00, -6.7627e-01],
          ...,
          [-2.1582e-01, -6.1377e-01, -6.2256e-01,  ...,  5.2979e-02,
           -1.0908e+00, -5.8301e-01],
          [-2.6025e-01, -9.7070e-01, -1.0586e+00,  ...,  6.5283e-01,
           -1.1270e+00, -8.0371e-01],
          [-1.4414e+00, -1.2139e+00, -1.5068e+00,  ..., -1.0547e+00,
           -8.5156e-01, -1.3857e+00]],

         ...,

         [[ 1.5491e-01,  5.7178e-01,  1.0431e-01,  ...,  4.8926e-01,
           -3.8184e-01,  2.3206e-01],
          [ 1.6333e-01,  4.9243e-01, -9.8877e-01,  ...,  1.0215e+00,
            1.0264e+00,  2.1716e-01],
          [ 1.0101e-01,  1.0352e+00,  1.5508e+00,  ...,  4.8389e-01,
           -2.3169e-01, -1.0730e-01],
          ...,
          [ 7.7858e-03,  3.1177e-01,  7.7979e-01,  ..., -3.6426e-01,
            4.4995e-01,  1.5771e-01],
          [-1.5732e-02,  4.7729e-01,  2.8345e-01,  ...,  6.0791e-01,
            6.7627e-01,  3.1421e-01],
          [ 3.5596e-01,  2.7271e-01,  3.0664e-01,  ...,  7.7734e-01,
           -9.8450e-02,  2.4854e-01]],

         [[-3.9160e-01, -3.0200e-01, -2.4512e-01,  ..., -2.5732e-01,
           -4.1016e-01, -3.5181e-01],
          [ 1.7822e-01,  2.1698e-02,  3.1885e-01,  ..., -3.2251e-01,
           -5.6738e-01,  5.6152e-01],
          [ 1.4197e-01,  9.1309e-01,  8.6035e-01,  ...,  1.4443e+00,
           -5.3857e-01,  6.8652e-01],
          ...,
          [ 2.2961e-01,  5.8008e-01,  5.7373e-01,  ...,  1.2451e+00,
            8.2227e-01,  7.2949e-01],
          [ 3.5303e-01,  7.9785e-01,  7.0605e-01,  ...,  1.0225e+00,
            3.9795e-01,  8.1348e-01],
          [-1.9821e-02,  4.1064e-01,  4.2383e-01,  ...,  2.2461e+00,
           -4.9469e-02,  5.2393e-01]],

         [[-5.1270e-01, -2.2888e-02,  9.4727e-01,  ...,  5.9229e-01,
           -7.2289e-03,  1.1615e-01],
          [-2.1896e-02,  5.8350e-01,  1.4199e+00,  ..., -2.1143e-01,
            6.8848e-01, -9.2926e-03],
          [-1.2988e-01, -8.6060e-02,  2.0605e+00,  ...,  7.9150e-01,
            2.6440e-01, -3.2471e-01],
          ...,
          [-4.2969e-01, -3.8721e-01, -1.7700e-01,  ...,  5.9131e-01,
           -5.7324e-01, -4.7876e-01],
          [-4.4092e-01, -6.1963e-01, -4.3042e-01,  ...,  1.2754e+00,
           -1.6064e-01, -4.1016e-01],
          [-2.6294e-01, -2.3718e-01,  8.3466e-03,  ...,  3.4106e-01,
           -1.0420e+00,  1.5393e-01]]]], device='cuda:0', dtype=torch.float16), tensor([[[[ 1.9180,  0.9341,  1.5293,  ...,  0.1276, -0.3738,  1.8330],
          [ 3.2305,  0.4490,  0.8677,  ...,  0.6333, -0.3599,  1.1006],
          [ 2.7012,  0.6694, -4.9531,  ..., -4.7227,  0.2042,  0.9214],
          ...,
          [ 2.8105,  0.9902,  2.0996,  ..., -0.9375,  1.6748,  1.5000],
          [ 3.3477,  1.8281,  2.0078,  ...,  1.8242,  2.3926,  2.3145],
          [ 2.2383,  1.2812,  1.5059,  ...,  0.7544,  0.9644,  1.6670]],

         [[ 1.2510,  2.0352, -0.0327,  ...,  2.3535,  0.9658, -0.2148],
          [ 3.0059,  3.9785,  0.1846,  ..., -1.0107,  2.9766,  2.1191],
          [ 2.5586,  0.7100,  3.0742,  ...,  3.3594,  2.0039,  2.3418],
          ...,
          [ 2.4531,  2.3164,  0.8535,  ...,  0.4253,  2.3672,  1.9600],
          [ 1.8760,  2.6562,  2.8066,  ..., -2.4121,  1.8701,  2.0215],
          [ 2.6250,  2.9414,  2.4570,  ...,  3.6523,  2.9434,  2.7324]],

         [[-0.0925,  0.6064,  0.6714,  ...,  3.5176,  0.7783, -0.7163],
          [ 0.1884,  2.8965, -0.1022,  ..., -0.7964,  1.6416, -0.4934],
          [ 0.9331,  2.3633,  0.5342,  ...,  0.4329,  2.2559, -0.0981],
          ...,
          [ 0.9380,  0.3569,  3.0820,  ...,  1.0615,  0.5571, -0.5610],
          [ 0.3223, -0.4458,  2.2461,  ..., -0.3962,  0.3418, -0.1965],
          [-0.1542,  0.0919, -0.4858,  ...,  2.9531,  1.0059, -0.8901]],

         ...,

         [[ 2.0137,  1.6787,  0.5684,  ...,  0.5718,  2.6855,  1.6084],
          [ 0.4036, -0.4146, -0.0747,  ..., -0.0068,  0.7778,  1.8848],
          [ 0.9507,  1.4297, -0.4609,  ...,  0.8438, -0.3586,  1.0723],
          ...,
          [ 0.6318, -0.6069,  2.1426,  ...,  2.6113,  0.3984,  0.9111],
          [ 0.7285,  1.0059,  0.2161,  ...,  0.1100,  0.9126,  1.7852],
          [-0.6812, -0.1340, -0.4775,  ...,  2.2695,  0.5884,  0.3242]],

         [[ 2.7012,  1.6494,  2.3730,  ...,  1.6162,  0.0679,  1.1992],
          [ 2.0312,  0.0645,  4.0469,  ..., -3.9961,  4.2148,  1.0264],
          [ 2.8574,  0.7026, -1.1211,  ..., -0.1475, -0.8384,  0.0202],
          ...,
          [ 1.7646,  1.8818,  1.7725,  ...,  0.0862,  1.1758,  1.0527],
          [ 1.7061,  1.2695,  1.2275,  ..., -1.3447,  2.4297,  0.8208],
          [ 2.2129,  2.0625,  2.0527,  ...,  2.3887,  0.7285,  2.1738]],

         [[-0.0237, -1.0576,  0.7900,  ..., -2.0195, -0.2930, -0.7256],
          [-0.8135, -2.2402,  0.3184,  ..., -3.2188, -2.9238, -1.4062],
          [-0.5068, -3.9062, -3.5879,  ..., -2.9160, -3.5723, -1.7031],
          ...,
          [-0.1245, -1.7451, -0.7227,  ..., -4.0898, -2.4961, -1.0010],
          [-0.5278, -3.6953, -2.3262,  ..., -2.8223, -1.8857, -2.1895],
          [ 0.5273, -0.9175, -0.3423,  ..., -2.9590, -0.0912,  0.0081]]],


        [[[ 1.7539,  0.9941,  1.8281,  ...,  0.2465, -0.2089,  1.7939],
          [ 3.1445,  0.6768,  1.1895,  ...,  0.8555, -0.2095,  1.0117],
          [ 2.6621,  0.9238, -4.8320,  ..., -4.9727,  0.0522,  0.9414],
          ...,
          [ 2.6875,  0.8711,  2.2344,  ..., -0.9854,  1.7246,  1.5967],
          [ 3.2402,  1.8789,  2.1621,  ...,  1.8330,  2.4805,  2.3926],
          [ 2.2617,  1.3320,  1.5947,  ...,  0.9990,  0.9556,  1.8594]],

         [[ 1.1729,  1.7256, -0.1604,  ...,  2.3145,  0.9009, -0.1382],
          [ 2.7188,  3.9199,  0.0063,  ..., -1.0166,  2.9824,  2.1250],
          [ 2.3730,  0.9653,  3.0195,  ...,  3.4004,  2.1992,  2.3203],
          ...,
          [ 2.3770,  2.3418,  0.9629,  ...,  0.7651,  2.1270,  1.9961],
          [ 1.7129,  2.6504,  2.8906,  ..., -2.3418,  1.6855,  1.9980],
          [ 2.3555,  2.5645,  2.1934,  ...,  3.4883,  2.6855,  2.4004]],

         [[-0.2783,  0.3574,  0.2097,  ...,  2.9922,  0.6772, -1.0117],
          [ 0.0605,  2.6562,  0.0552,  ..., -0.8145,  1.7480, -0.5068],
          [ 0.9517,  2.1660,  0.3677,  ...,  0.3130,  1.9082, -0.0575],
          ...,
          [ 0.8066,  0.1823,  2.7812,  ...,  0.6348,  0.3777, -0.5508],
          [ 0.2131, -0.6050,  1.8711,  ..., -0.4026,  0.1270, -0.2191],
          [-0.3970, -0.1515, -0.6226,  ...,  2.4492,  0.9800, -1.0537]],

         ...,

         [[ 2.0273,  1.6250,  0.6919,  ...,  0.2778,  2.4590,  1.6143],
          [ 0.6934, -0.5117, -0.1742,  ..., -0.0270,  0.6992,  1.8301],
          [ 1.0059,  1.3125, -0.2791,  ...,  1.0947, -0.5596,  1.2842],
          ...,
          [ 0.7681, -0.7617,  2.0234,  ...,  2.1797,  0.3772,  0.9097],
          [ 0.9102,  1.1230,  0.4854,  ...,  0.0643,  0.9229,  1.8193],
          [-0.7817, -0.0257, -0.2830,  ...,  2.2715,  0.5664,  0.1687]],

         [[ 2.6895,  1.5381,  2.3457,  ...,  1.5986, -0.0208,  1.0146],
          [ 2.2070,  0.2859,  4.2812,  ..., -3.6055,  3.7852,  1.0312],
          [ 3.0957,  0.4397, -1.1182,  ..., -0.1514, -1.0107, -0.0079],
          ...,
          [ 1.8848,  1.9795,  1.6973,  ...,  0.0693,  1.3760,  0.9370],
          [ 1.9697,  1.2529,  0.8706,  ..., -1.4785,  2.5449,  0.7271],
          [ 2.1543,  1.9277,  1.9961,  ...,  2.2969,  0.5151,  2.0332]],

         [[-0.1963, -1.0928,  1.2354,  ..., -2.1211, -0.2155, -0.5430],
          [-0.9741, -2.4570,  0.1276,  ..., -2.9121, -3.1602, -1.1934],
          [-0.8335, -3.4492, -3.4434,  ..., -2.7500, -3.6133, -1.3369],
          ...,
          [-0.3528, -1.9980, -0.5024,  ..., -3.8105, -2.7207, -0.9438],
          [-0.8364, -3.7891, -2.3008,  ..., -2.4863, -1.8955, -2.0371],
          [ 0.3110, -1.1484, -0.6899,  ..., -2.7207, -0.3618, -0.0450]]]],
       device='cuda:0', dtype=torch.float16), tensor([[[[ 1.6719e+00,  9.1846e-01,  2.7852e+00,  2.7500e+00],
          [ 8.4473e-01,  3.5117e+00, -9.5996e-01, -2.1448e-01],
          [ 1.5908e+00, -8.8135e-01, -1.9150e+00,  9.2969e-01],
          [ 1.3926e+00,  1.0059e+00, -2.0312e+00,  1.6406e+00]],

         [[-1.3799e+00, -1.3867e+00, -3.0273e+00, -3.7031e+00],
          [-3.4316e+00, -6.2734e+00, -3.5195e+00, -2.6953e+00],
          [-2.8672e+00, -4.9453e+00, -2.6621e+00, -3.8242e+00],
          [-2.8477e+00, -3.4785e+00, -6.9102e+00, -4.6914e+00]],

         [[ 5.8789e-01, -1.4902e+00, -3.7715e+00, -3.0746e-03],
          [-4.1055e+00, -8.1250e+00, -8.7969e+00, -5.1914e+00],
          [-3.8477e+00, -1.1234e+01, -9.7422e+00, -5.9414e+00],
          [-2.6055e+00, -6.5156e+00, -5.4688e+00, -5.2109e+00]],

         ...,

         [[-1.8164e+00, -9.8193e-01, -1.0859e+00, -2.8750e+00],
          [-1.5674e+00, -6.1289e+00, -2.0098e+00, -9.1260e-01],
          [-4.3984e+00, -1.7617e+00, -7.5488e-01, -5.1484e+00],
          [-2.3379e+00, -5.0938e+00, -2.0059e+00,  4.6240e-01]],

         [[-2.6250e+00, -6.1279e-01, -1.7266e+00, -3.6914e+00],
          [-3.3223e+00, -7.4414e+00, -5.8438e+00, -4.2969e+00],
          [-5.4805e+00, -8.5234e+00, -5.6758e+00, -6.9922e+00],
          [-4.1953e+00, -7.6133e+00, -5.8906e+00, -5.0156e+00]],

         [[ 7.5098e-01,  1.8818e+00,  3.6289e+00,  2.1250e+00],
          [ 3.5898e+00,  2.5625e+00,  3.1367e+00,  3.4551e+00],
          [ 3.0898e+00,  4.7109e+00,  4.5586e+00,  2.4766e+00],
          [ 1.4883e+00,  2.0703e+00,  3.4961e+00,  9.6973e-01]]],


        [[[ 1.9385e+00,  1.2773e+00,  3.0625e+00,  3.1230e+00],
          [ 9.8096e-01,  3.7695e+00, -6.0449e-01,  1.7981e-01],
          [ 1.7607e+00, -6.7627e-01, -1.4502e+00,  1.3643e+00],
          [ 1.6553e+00,  1.3369e+00, -1.7168e+00,  1.9834e+00]],

         [[-1.4199e+00, -1.3906e+00, -3.0293e+00, -3.7051e+00],
          [-3.1250e+00, -5.9492e+00, -3.4668e+00, -3.0020e+00],
          [-3.0547e+00, -4.8125e+00, -2.8008e+00, -3.9844e+00],
          [-2.8359e+00, -3.3516e+00, -6.7734e+00, -4.8125e+00]],

         [[ 7.4854e-01, -1.4854e+00, -3.7012e+00,  1.6187e-01],
          [-3.7500e+00, -8.1797e+00, -8.8281e+00, -4.9883e+00],
          [-3.8047e+00, -1.0977e+01, -9.6641e+00, -6.0117e+00],
          [-2.3496e+00, -6.2383e+00, -5.2227e+00, -4.9805e+00]],

         ...,

         [[-1.9053e+00, -7.2656e-01, -8.4082e-01, -3.0156e+00],
          [-1.4639e+00, -5.7500e+00, -1.4189e+00, -9.9951e-01],
          [-4.5195e+00, -1.9385e+00, -2.9517e-01, -4.9570e+00],
          [-2.3379e+00, -5.0586e+00, -1.6416e+00,  5.3320e-01]],

         [[-2.4980e+00, -9.2480e-01, -1.6406e+00, -3.3223e+00],
          [-3.2344e+00, -7.2734e+00, -5.8477e+00, -4.3398e+00],
          [-5.6250e+00, -8.5391e+00, -5.7539e+00, -6.9180e+00],
          [-3.9609e+00, -7.8320e+00, -5.7812e+00, -5.1602e+00]],

         [[ 1.2188e+00,  1.8662e+00,  3.6348e+00,  2.2695e+00],
          [ 3.9023e+00,  2.5156e+00,  2.9297e+00,  3.7305e+00],
          [ 3.4922e+00,  4.8555e+00,  4.8828e+00,  2.7070e+00],
          [ 2.0625e+00,  1.8779e+00,  3.5234e+00,  1.4609e+00]]]],
       device='cuda:0', dtype=torch.float16), tensor([[[[ 1.3174e+00, -4.9414e+00, -3.5332e+00,  3.9648e+00],
          [ 9.8145e-01,  2.7812e+00,  1.9062e+00,  8.1738e-01],
          [-2.5820e+00,  4.5508e+00,  7.7773e+00,  2.2734e+00],
          [-1.5449e+00,  2.2695e+00, -3.1328e+00, -2.5469e+00]],

         [[-1.2598e+00, -4.3906e+00, -2.8652e+00, -3.2109e+00],
          [-4.0547e+00, -3.5371e+00, -5.8633e+00, -3.4395e+00],
          [-7.0850e-01,  7.4158e-02, -5.2773e+00, -4.4287e-01],
          [-1.3574e+00, -2.2520e+00, -2.5625e+00, -3.9648e-01]],

         [[-9.7812e+00, -5.4102e+00, -1.5029e+00, -5.3750e+00],
          [-4.0352e+00,  2.7466e-04,  5.9229e-01,  3.2461e+00],
          [-7.1338e-01, -2.0605e+00, -3.7852e+00,  1.4319e-01],
          [-6.3086e+00, -3.1660e+00, -1.8379e+00, -4.9297e+00]],

         ...,

         [[-4.6641e+00, -1.8789e+00,  6.2158e-01, -3.2253e-03],
          [-3.2109e+00, -2.1602e+00,  4.5996e-01, -3.0488e+00],
          [-2.5137e+00, -2.7637e+00, -6.8555e+00, -2.5078e+00],
          [-3.3750e+00,  5.3369e-01, -3.1016e+00, -2.5436e-02]],

         [[-7.6328e+00, -8.5078e+00, -6.1836e+00, -1.7676e+00],
          [-7.2852e+00, -5.4766e+00, -6.3828e+00, -8.1172e+00],
          [-7.1523e+00, -6.2930e+00, -5.7773e+00, -5.8516e+00],
          [-3.1543e+00, -7.6172e+00, -5.8125e+00,  7.2119e-01]],

         [[-2.7070e+00,  1.2598e+00,  2.7979e-01, -2.0547e+00],
          [-1.6528e-01,  7.7227e+00,  8.2578e+00, -1.1865e+00],
          [ 2.8770e+00,  5.9688e+00,  7.3086e+00,  3.7520e+00],
          [-1.5811e+00,  3.9922e+00,  2.9668e+00,  1.7297e-01]]],


        [[[ 9.7559e-01, -5.0547e+00, -3.7520e+00,  3.2520e+00],
          [ 5.1953e-01,  3.2617e+00,  1.6162e+00,  1.4722e-01],
          [-2.6113e+00,  3.5391e+00,  7.4102e+00,  1.8535e+00],
          [-2.1348e+00,  1.5771e+00, -4.0039e+00, -2.8008e+00]],

         [[-1.1045e+00, -4.5195e+00, -2.8594e+00, -3.2031e+00],
          [-4.1211e+00, -3.8066e+00, -5.8438e+00, -3.4980e+00],
          [-7.1289e-01, -4.0454e-01, -6.0156e+00,  1.1932e-01],
          [-2.0957e+00, -2.2656e+00, -3.7656e+00, -2.8296e-01]],

         [[-9.7734e+00, -4.6484e+00, -1.5068e+00, -5.3633e+00],
          [-4.4062e+00, -6.9873e-01,  1.0883e-01,  2.6719e+00],
          [-8.5791e-01, -3.1934e+00, -3.5430e+00,  7.1143e-01],
          [-5.6445e+00, -2.8789e+00, -8.0371e-01, -4.3281e+00]],

         ...,

         [[-4.9375e+00, -1.7520e+00,  3.6816e-01,  2.2324e-02],
          [-2.9668e+00, -2.6836e+00, -9.0881e-02, -3.2031e+00],
          [-1.8721e+00, -2.8516e+00, -7.4492e+00, -2.8809e+00],
          [-3.8320e+00,  1.3599e-01, -3.3359e+00, -2.1802e-01]],

         [[-7.5781e+00, -7.4961e+00, -5.4336e+00, -2.1699e+00],
          [-6.5547e+00, -5.1719e+00, -6.4727e+00, -8.0703e+00],
          [-7.8281e+00, -5.8906e+00, -5.5000e+00, -6.1992e+00],
          [-3.1934e+00, -7.6875e+00, -4.7930e+00,  5.6152e-01]],

         [[-2.7734e+00,  9.0283e-01, -1.6272e-01, -2.5293e+00],
          [-6.8115e-01,  7.4453e+00,  8.0859e+00, -1.4365e+00],
          [ 2.4648e+00,  5.2891e+00,  7.5000e+00,  3.3672e+00],
          [-1.4189e+00,  4.0859e+00,  3.0996e+00,  2.8394e-01]]]],
       device='cuda:0', dtype=torch.float16), tensor([[[[  1.8252,   0.6875,   0.0564,   2.2891],
          [ -4.4727,   2.5957,   2.0234,  -1.0234],
          [  1.6025,   5.7266,   3.9590,   3.9629],
          [ -0.1105,   2.4102,  -6.2930,   0.1266]],

         [[-11.8906,  -5.0234,  -3.9102,  -7.9727],
          [ -4.8789,  -4.1523,  -3.2246,  -2.4785],
          [ -7.1367,  -5.5625,  -0.0377,  -2.1875],
          [ -6.4922,  -2.9844,  -2.6660,  -4.6992]],

         [[ -4.9453,  -6.8164,  -5.2852,  -5.5391],
          [ -6.1953,  -1.3662,  -4.4492,  -9.0625],
          [ -5.5859,  -1.7725,  -8.9297,  -7.8906],
          [ -3.8770,  -3.8691,  -7.5508,  -5.1406]],

         ...,

         [[  5.2773,   3.2188,   1.3135,   2.0996],
          [  6.6914,   0.9927,  -4.4961,   6.8867],
          [  0.6655,  -0.4988,   0.6299,   0.4038],
          [  4.7500,   1.3467,   6.5117,   2.1660]],

         [[ -3.7168,  -5.8633,  -8.9609,  -4.8594],
          [ -4.0625,  -5.4883,  -7.4844,  -2.1328],
          [ -3.5996,  -5.0391,  -4.6211,  -3.0547],
          [ -1.9668,  -4.7461,  -3.2773,  -2.2949]],

         [[ -9.7344,   1.7568,  -3.2227,  -4.6914],
          [ -4.0352,  -1.3203,  -4.8086,  -4.8945],
          [ -2.9375,   0.3110,  -1.7314,  -4.0547],
          [ -6.2148,  -4.0430,  -4.3516,  -5.9766]]],


        [[[ -1.4922,   0.0266,   0.2539,  -1.5195],
          [ -6.1719,   3.0078,   2.2891,  -1.8066],
          [ -0.0715,   3.9082,   2.4395,   2.5098],
          [ -1.9619,  -0.1493,  -8.6719,  -1.7773]],

         [[ -8.1875,  -3.5234,  -2.3770,  -5.5430],
          [ -3.9902,  -4.3672,  -1.6797,  -1.9150],
          [ -6.2461,  -5.1211,   1.2041,  -0.8008],
          [ -4.2188,  -3.1250,  -0.4937,  -2.7910]],

         [[ -4.6797,  -5.6562,  -5.0898,  -5.4414],
          [ -6.5039,  -1.9424,  -5.6445,  -8.7422],
          [ -3.9883,  -2.3535,  -9.6094,  -6.9570],
          [ -2.7168,  -3.3457,  -6.6641,  -3.8047]],

         ...,

         [[  9.5000,   4.9062,   1.9893,   4.5039],
          [  7.7500,   2.7559,  -3.6719,   8.2812],
          [  2.6348,   0.6787,   2.6445,   1.9980],
          [  7.0781,   2.6719,   7.9492,   4.3984]],

         [[ -2.1562,  -2.6465,  -5.7617,  -0.6606],
          [ -0.9561,  -1.9395,  -3.5879,   0.6743],
          [ -0.0517,  -1.4258,  -1.6641,   1.1572],
          [  0.4888,  -1.6318,  -0.4297,   0.5225]],

         [[ -6.5898,   3.1035,  -0.5137,  -2.4902],
          [ -2.5410,  -0.0274,  -3.3652,  -3.3223],
          [ -1.1299,   1.4355,  -0.8145,  -1.8291],
          [ -5.6875,  -2.4648,  -3.6895,  -5.2500]]]], device='cuda:0',
       dtype=torch.float16)]