tensor([[[[ 0.1520,  0.0159,  0.0477,  ...,  0.1189,  0.0640,  0.0965],
          [ 0.1065,  0.0856,  0.0244,  ...,  0.1580,  0.1376,  0.0748],
          [ 0.0651,  0.0006,  0.0361,  ...,  0.0361,  0.0739,  0.0923],
          ...,
          [ 0.0328,  0.0457,  0.0043,  ..., -0.0031,  0.0770,  0.1077],
          [ 0.0657, -0.0460,  0.0041,  ..., -0.0136,  0.1179,  0.0693],
          [ 0.2133,  0.0677,  0.0638,  ...,  0.1021,  0.1559,  0.1469]],

         [[-0.2394, -0.0323, -0.0677,  ...,  0.0199, -0.0861, -0.0691],
          [-0.0660,  0.0226, -0.0048,  ..., -0.0579, -0.0571,  0.0593],
          [-0.1218,  0.0139, -0.0231,  ...,  0.0338,  0.0076, -0.0199],
          ...,
          [-0.0914,  0.0282, -0.0578,  ...,  0.0299, -0.0754, -0.0519],
          [-0.0701,  0.0839,  0.0830,  ...,  0.1015,  0.0393,  0.0798],
          [-0.1909, -0.0829, -0.1240,  ..., -0.0807, -0.0413, -0.0474]],

         [[-0.0956, -0.0043, -0.0127,  ...,  0.0012, -0.0324, -0.0425],
          [-0.0356, -0.1033, -0.0865,  ..., -0.1270, -0.1489, -0.0858],
          [-0.0191, -0.0360, -0.0740,  ...,  0.0475, -0.1006, -0.0982],
          ...,
          [-0.0426, -0.0166, -0.0509,  ..., -0.0598, -0.0689, -0.0554],
          [ 0.0097,  0.0033, -0.0423,  ..., -0.0407, -0.0688, -0.0969],
          [ 0.0380, -0.0508, -0.0493,  ..., -0.0534, -0.0603, -0.0617]],

         ...,

         [[ 0.3508,  0.2117,  0.0925,  ...,  0.1008,  0.1076,  0.1276],
          [ 0.2134,  0.3455,  0.1874,  ...,  0.3442,  0.2727,  0.1741],
          [ 0.1611,  0.2142,  0.1345,  ...,  0.0821,  0.1171,  0.1686],
          ...,
          [ 0.1692,  0.1400,  0.1154,  ...,  0.1826,  0.1285,  0.1660],
          [ 0.1744,  0.1537,  0.1154,  ...,  0.1808,  0.1133,  0.1742],
          [ 0.1777,  0.2090,  0.1970,  ...,  0.2140,  0.1221,  0.1808]],

         [[-0.0011, -0.0123, -0.0141,  ..., -0.0481,  0.0026,  0.0156],
          [-0.0426, -0.0187, -0.0203,  ...,  0.0228, -0.0261, -0.0068],
          [-0.0038, -0.0114, -0.0407,  ..., -0.0374, -0.0673, -0.0028],
          ...,
          [ 0.0226, -0.0399, -0.0468,  ..., -0.0419, -0.0656,  0.0057],
          [-0.0059, -0.0717, -0.0862,  ..., -0.0652, -0.0927,  0.0057],
          [-0.0290, -0.0529, -0.0189,  ..., -0.0375, -0.0545, -0.0612]],

         [[ 0.4260,  0.1205,  0.1091,  ...,  0.0150,  0.0978,  0.2089],
          [ 0.1637,  0.0359,  0.0887,  ...,  0.2917,  0.1232,  0.1155],
          [ 0.1274,  0.0316,  0.1163,  ...,  0.0662,  0.0814,  0.1396],
          ...,
          [ 0.1450,  0.0272,  0.1121,  ...,  0.0679,  0.1637,  0.1680],
          [ 0.2356, -0.0079,  0.0897,  ...,  0.0475,  0.1708,  0.1243],
          [ 0.2201,  0.0343,  0.1113,  ...,  0.0656,  0.1129,  0.0851]]],


        [[[ 0.1520,  0.0159,  0.0477,  ...,  0.1189,  0.0640,  0.0965],
          [ 0.1065,  0.0856,  0.0244,  ...,  0.1580,  0.1376,  0.0748],
          [ 0.0651,  0.0006,  0.0361,  ...,  0.0361,  0.0739,  0.0923],
          ...,
          [ 0.0328,  0.0457,  0.0043,  ..., -0.0031,  0.0770,  0.1077],
          [ 0.0657, -0.0460,  0.0041,  ..., -0.0136,  0.1179,  0.0693],
          [ 0.2133,  0.0677,  0.0638,  ...,  0.1021,  0.1559,  0.1469]],

         [[-0.2394, -0.0323, -0.0677,  ...,  0.0199, -0.0861, -0.0691],
          [-0.0660,  0.0226, -0.0048,  ..., -0.0579, -0.0571,  0.0593],
          [-0.1218,  0.0139, -0.0231,  ...,  0.0338,  0.0076, -0.0199],
          ...,
          [-0.0914,  0.0282, -0.0578,  ...,  0.0299, -0.0754, -0.0519],
          [-0.0701,  0.0839,  0.0830,  ...,  0.1015,  0.0393,  0.0798],
          [-0.1909, -0.0829, -0.1240,  ..., -0.0807, -0.0413, -0.0474]],

         [[-0.0956, -0.0043, -0.0127,  ...,  0.0012, -0.0324, -0.0425],
          [-0.0356, -0.1033, -0.0865,  ..., -0.1270, -0.1489, -0.0858],
          [-0.0191, -0.0360, -0.0740,  ...,  0.0475, -0.1006, -0.0982],
          ...,
          [-0.0426, -0.0166, -0.0509,  ..., -0.0598, -0.0689, -0.0554],
          [ 0.0097,  0.0033, -0.0423,  ..., -0.0407, -0.0688, -0.0969],
          [ 0.0380, -0.0508, -0.0493,  ..., -0.0534, -0.0603, -0.0617]],

         ...,

         [[ 0.3508,  0.2117,  0.0925,  ...,  0.1008,  0.1076,  0.1276],
          [ 0.2134,  0.3455,  0.1874,  ...,  0.3442,  0.2727,  0.1741],
          [ 0.1611,  0.2142,  0.1345,  ...,  0.0821,  0.1171,  0.1686],
          ...,
          [ 0.1692,  0.1400,  0.1154,  ...,  0.1826,  0.1285,  0.1660],
          [ 0.1744,  0.1537,  0.1154,  ...,  0.1808,  0.1133,  0.1742],
          [ 0.1777,  0.2090,  0.1970,  ...,  0.2140,  0.1221,  0.1808]],

         [[-0.0011, -0.0123, -0.0141,  ..., -0.0481,  0.0026,  0.0156],
          [-0.0426, -0.0187, -0.0203,  ...,  0.0228, -0.0261, -0.0068],
          [-0.0038, -0.0114, -0.0407,  ..., -0.0374, -0.0673, -0.0028],
          ...,
          [ 0.0226, -0.0399, -0.0468,  ..., -0.0419, -0.0656,  0.0057],
          [-0.0059, -0.0717, -0.0862,  ..., -0.0652, -0.0927,  0.0057],
          [-0.0290, -0.0529, -0.0189,  ..., -0.0375, -0.0545, -0.0612]],

         [[ 0.4260,  0.1205,  0.1091,  ...,  0.0150,  0.0978,  0.2089],
          [ 0.1637,  0.0359,  0.0887,  ...,  0.2917,  0.1232,  0.1155],
          [ 0.1274,  0.0316,  0.1163,  ...,  0.0662,  0.0814,  0.1396],
          ...,
          [ 0.1450,  0.0272,  0.1121,  ...,  0.0679,  0.1637,  0.1680],
          [ 0.2356, -0.0079,  0.0897,  ...,  0.0475,  0.1708,  0.1243],
          [ 0.2201,  0.0343,  0.1113,  ...,  0.0656,  0.1129,  0.0851]]]],
       device='cuda:0', dtype=torch.float16)